390 188
481 309
446 237
698 517
594 420
260 168
35 56
284 137
608 423
773 669
617 438
229 89
290 129
588 384
180 89
725 577
13 54
625 436
502 322
381 220
1 67
59 99
367 224
474 275
334 137
562 369
556 364
494 297
327 142
289 120
10 37
772 650
112 45
176 96
251 80
712 605
91 39
128 63
42 33
645 479
656 497
278 113
798 667
223 99
387 204
627 459
129 92
697 522
612 410
395 198
480 329
51 35
173 81
134 44
39 59
433 263
759 660
233 114
383 191
201 101
256 106
491 255
589 418
793 699
16 36
726 569
587 370
135 39
754 654
191 80
749 615
272 127
197 105
495 299
740 601
509 300
783 688
642 454
386 217
469 272
648 483
308 158
527 343
488 299
438 283
162 106
424 242
464 278
187 73
799 683
252 107
162 79
210 103
653 507
702 543
512 309
729 567
452 261
457 280
589 416
91 18
280 107
389 179
91 64
588 402
436 273
103 22
47 38
84 75
55 48
288 133
355 176
265 165
120 55
699 559
460 257
796 724
213 87
184 59
404 242
357 171
468 272
671 491
318 144
640 443
229 91
113 50
589 415
49 46
560 376
480 304
27 20
746 615
780 691
409 192
115 70
130 105
92 75
362 181
428 226
656 492
675 519
242 92
694 574
405 233
459 261
107 58
742 572
6 78
160 53
139 100
779 634
492 309
388 202
437 258
558 365
102 41
287 144
228 125
709 593
129 49
329 124
561 368
313 185
666 513
687 530
558 371
251 98
680 505
698 558
200 89
752 674
16 58
110 91
132 91
2 31
401 220
699 540
228 136
218 77
381 201
78 30
546 328
706 555
737 615
771 648
691 526
718 610
392 223
185 60
300 151
148 63
267 118
418 258
631 407
483 294
52 88
542 333
42 62
205 78
791 704
646 443
199 60
326 140
143 90
567 400
693 525
277 98
237 120
177 108
732 572
287 129
393 220
180 76
558 360
648 499
445 262
207 57
184 71
210 136
496 287
71 71
251 119
221 102
379 178
52 67
625 435
226 150
748 604
733 598
460 255
785 679
209 102
302 113
626 449
779 672
528 316
73 72
624 459
430 259
593 420
790 682
144 38
86 50
438 220
164 79
469 264
697 544
516 322
427 280
176 67
240 129
294 130
663 472
661 517
459 230
7 55
345 151
520 330
42 94
571 425
459 277
78 64
451 251
123 55
364 202
581 375
276 123
238 151
30 48
433 232
175 37
777 658
38 39
412 215
3 35
617 438
124 88
733 575
299 143
392 206
719 553
201 122
475 310
654 500
91 49
429 215
657 500
513 331
462 268
542 322
773 692
44 19
736 609
239 101
471 219
157 75
490 276
509 333
215 108
363 150
614 425
650 484
103 61
346 200
762 622
364 185
68 53
499 285
657 512
519 297
117 72
285 114
382 208
449 236
146 75
619 398
456 232
796 681
793 693
751 627
91 54
340 149
169 67
713 537
429 212
83 0
202 93
712 569
207 96
680 496
186 89
577 396
123 66
58 99
462 249
276 122
748 592
33 71
711 598
266 89
789 680
201 128
28 50
695 543
484 301
384 214
315 128
768 655
26 35
302 112
561 346
168 77
427 229
288 111
571 392
6 28
512 340
101 74
620 434
430 256
475 284
95 52
489 303
391 200
303 115
9 62
688 539
713 554
604 427
640 468
107 27
220 54
750 617
796 645
761 643
400 183
504 315
14 20
298 115
7 71
437 244
338 143
623 449
615 428
119 52
120 55
429 192
449 222
250 85
164 85
495 298
371 196
492 280
5 11
387 210
275 148
98 53
384 223
349 177
542 374
529 321
106 46
180 90
107 83
429 241
42 69
205 89
357 144
162 49
709 576
458 279
486 291
420 224
514 329
233 88
260 117
639 440
626 456
504 278
359 188
9 73
98 71
605 411
353 161
569 373
767 699
204 128
89 61
312 152
200 96
187 124
417 234
305 137
225 69
426 268
510 314
161 81
370 205
84 22
283 149
534 349
376 231
150 58
24 31
419 280
307 151
442 259
755 644
447 230
82 70
179 102
610 407
44 65
518 291
135 72
413 233
226 62
520 320
310 123
329 170
53 53
304 143
422 224
363 169
472 259
774 655
75 38
47 4
694 515
557 354
677 490
480 295
631 443
288 146
718 559
102 52
460 261
577 398
575 381
569 399
631 405
393 217
294 175
629 458
70 52
335 161
800 712
464 273
610 446
299 163
441 221
725 597
727 568
362 182
39 39
599 422
420 269
182 87
640 445
259 114
648 448
799 690
697 531
263 159
522 320
202 97
743 632
352 159
413 216
84 17
560 348
485 300
419 243
522 321
791 671
636 466
515 324
707 555
172 94
340 149
776 658
527 334
478 331
249 136
7 45
788 673
175 56
586 406
641 451
480 281
119 3
132 80
280 127
562 375
3 40
122 89
762 638
794 702
289 137
263 124
495 306
407 205
455 283
725 541
529 341
629 447
217 103
146 71
670 499
39 10
105 50
238 103
453 231
355 171
741 610
799 718
481 284
649 477
652 474
49 86
165 50
279 148
169 66
171 84
263 122
220 101
586 385
566 395
229 84
5 27
246 117
272 99
355 194
159 49
296 133
598 395
255 115
783 649
768 645
678 566
471 264
87 42
155 136
395 222
71 28
744 563
694 533
551 382
256 116
235 105
481 299
210 83
246 126
232 107
718 590
734 608
414 205
396 208
704 545
493 259
116 99
89 67
118 60
771 643
393 195
504 313
316 136
633 446
552 377
568 372
93 24
749 619
258 106
781 684
412 231
410 196
94 84
514 330
267 94
787 686
782 662
758 654
21 32
291 103
50 72
123 41
745 611
268 113
266 121
384 148
558 332
280 140
198 92
683 526
706 526
695 554
139 27
177 65
350 175
37 50
501 303
74 54
461 287
526 306
415 206
56 67
700 553
264 100
762 641
728 558
765 662
192 97
168 62
402 221
428 268
37 44
33 54
611 443
375 210
544 384
477 304
423 267
765 660
323 165
645 466
798 712
501 266
200 106
698 509
45 31
159 72
743 591
361 145
626 465
210 118
791 659
480 301
336 212
748 646
293 116
469 292
143 95
479 292
447 248
466 231
279 109
155 71
438 210
639 481
295 149
383 199
712 570
663 506
696 519
758 651
224 129
39 28
127 79
99 51
552 354
13 38
642 457
199 86
728 563
214 84
762 641
282 161
635 451
75 32
534 328
216 61
645 458
709 546
18 53
534 353
574 380
345 202
146 12
612 397
128 69
317 169
704 570
717 603
393 224
280 111
273 90
624 446
730 599
725 582
302 101
603 423
356 207
556 320
597 397
121 86
534 303
114 71
538 335
532 343
17 82
243 124
99 53
470 284
491 288
633 456
569 382
753 617
386 200
436 263
376 206
550 349
134 39
232 93
453 239
320 137
89 85
679 521
382 158
307 108
174 95
460 270
376 205
405 249
406 207
259 112
90 37
252 87
53 29
111 68
203 109
117 50
708 530
91 69
746 574
673 497
370 160
154 56
202 84
656 523
336 182
235 96
706 557
695 512
654 481
34 49
547 340
668 497
210 107
57 21
481 308
27 82
430 225
178 85
540 347
15 41
677 494
173 69
610 442
190 100
58 30
344 173
473 289
777 690
546 364
320 112
44 34
510 301
75 43
254 105
485 310
321 156
748 657
770 662
388 198
770 669
58 37
155 61
1 42
699 521
688 523
16 26
6 29
261 107
642 438
425 224
767 649
87 85
657 517
551 354
650 476
624 471
352 181
604 398
728 582
112 53
658 462
249 106
217 128
661 511
189 108
169 78
639 466
244 131
301 134
16 52
476 265
420 191
15 34
309 150
277 147
93 58
418 201
708 576
778 666
585 386
424 220
800 676
277 132
292 149
9 51
6 59
167 78
609 430
634 452
273 158
46 25
157 82
467 297
740 623
296 158
198 87
107 47
707 558
386 224
273 138
259 106
571 339
312 151
265 158
406 233
27 81
626 464
566 345
622 435
204 96
245 93
654 487
110 33
558 376
752 651
317 129
301 148
45 59
102 56
82 48
605 407
693 535
797 682
79 60
138 35
388 166
750 664
408 208
173 76
41 42
520 306
322 189
177 99
38 38
373 204
456 277
584 378
776 693
402 223
299 161
604 423
342 180
495 270
668 532
81 10
404 184
652 485
304 125
108 60
581 412
79 69
608 436
563 387
702 568
677 533
262 134
81 72
554 376
68 64
408 223
350 174
226 102
558 364
456 309
402 266
41 33
730 608
222 88
553 359
40 62
259 132
16 71
88 18
172 41
741 632
550 354
293 149
795 724
51 40
410 211
644 469
584 390
478 315
90 35
437 221
711 568
204 90
316 138
204 88
337 196
536 340
738 639
143 57
719 605
549 358
577 418
313 160
659 526
498 299
665 512
68 68
21 56
9 13
645 458
78 75
268 93
329 88
793 672
785 699
175 57
296 158
154 72
143 75
494 303
755 591
127 45
677 499
593 412
308 154
208 103
627 422
259 140
303 150
761 663
352 179
396 195
47 87
247 169
102 28
16 54
108 53
240 112
186 91
517 296
303 151
596 409
139 60
647 444
14 50
476 278
240 97
128 72
15 68
659 485
574 383
616 413
782 682
247 120
220 100
707 575
331 160
382 217
583 415
121 94
334 161
188 65
137 36
747 609
460 275
247 116
99 28
558 396
768 607
41 54
569 428
694 541
594 433
774 663
753 614
138 59
569 371
471 300
296 106
404 196
666 517
176 90
766 659
512 294
461 267
355 145
480 277
246 135
696 547
268 103
249 110
607 419
207 76
104 83
462 273
107 25
425 264
434 228
213 90
469 271
188 55
225 119
453 296
360 168
676 539
30 56
156 61
17 58
450 224
43 39
269 116
367 160
700 550
552 354
185 60
391 193
526 310
165 88
783 695
737 618
93 79
751 647
331 140
190 62
21 35
488 349
734 622
517 332
501 339
176 80
442 241
376 188
468 281
422 245
596 405
495 296
460 270
260 109
464 245
38 36
120 81
437 315
692 516
135 99
349 186
164 85
561 350
202 98
67 21
74 78
790 706
786 694
707 557
609 442
95 66
726 599
350 130
661 503
72 88
237 99
273 103
206 106
612 417
413 238
225 74
375 189
559 367
303 120
545 361
332 165
5 78
757 617
665 462
696 545
690 536
417 241
524 340
97 76
569 391
627 454
391 218
713 602
124 46
607 406
154 62
553 390
773 679
57 30
725 572
70 102
406 272
283 109
185 126
617 450
449 264
232 84
72 59
419 211
275 145
608 441
63 52
430 268
547 339
608 401
340 160
198 66
153 69
255 118
319 161
267 139
204 79
470 256
520 331
379 214
241 97
498 298
713 605
699 520
665 510
629 438
425 221
8 55
316 153
704 569
14 42
90 35
153 60
513 310
382 206
180 64
421 234
545 380
595 384
655 476
736 589
686 504
420 217
141 54
436 279
715 565
440 251
253 113
453 269
394 236
181 57
798 704
793 700
665 488
617 448
646 481
510 346
113 52
729 582
216 140
794 681
367 228
508 334
528 345
43 27
34 65
222 127
59 47
506 294
278 133
451 263
3 87
60 17
601 409
40 66
412 234
140 71
610 461
477 269
717 582
657 487
535 355
497 280
791 696
463 282
392 208
530 342
648 468
118 76
85 67
785 612
661 491
578 398
145 58
57 28
68 47
633 495
247 129
531 345
636 488
494 306
450 246
668 479
364 205
144 57
8 36
727 600
528 324
298 163
495 330
130 62
112 24
106 81
767 650
489 304
256 85
229 109
81 38
564 411
692 556
8 22
541 322
137 84
456 260
606 431
128 79
399 198
55 66
99 36
527 337
388 180
398 233
287 152
119 85
560 404
10 50
136 37
133 71
741 648
567 421
128 73
257 138
553 363
362 162
20 60
272 127
627 434
331 157
595 421
342 156
548 407
724 570
622 435
369 222
351 164
4 7
686 555
345 183
570 409
288 123
625 452
484 265
434 260
494 310
110 45
545 328
387 222
588 381
300 140
397 201
579 385
790 642
666 487
797 710
778 683
488 296
200 118
767 633
764 652
529 343
327 150
75 12
84 45
769 645
742 616
680 524
12 73
388 241
451 207
569 360
249 101
514 309
338 154
506 325
193 133
611 438
384 197
274 109
106 83
506 298
366 174
27 38
410 225
2 27
13 2
475 297
569 333
186 75
615 438
194 50
534 359
116 61
422 200
168 107
406 207
403 214
423 236
652 523
623 452
483 295
745 577
524 331
72 54
58 69
635 427
339 167
189 91
603 396
451 244
529 330
115 76
497 258
435 279
747 577
0 41
67 36
520 315
367 196
281 145
396 193
194 80
244 144
65 3
721 607
454 220
104 76
399 215
389 172
342 180
318 107
358 157
603 449
358 141
1 61
200 73
390 188
499 323
223 83
263 116
90 56
615 435
377 203
483 287
441 232
552 387
415 204
116 47
301 123
164 119
25 46
180 62
196 99
143 68
661 495
482 285
566 384
425 226
302 145
394 210
265 123
513 319
741 623
512 338
498 321
586 393
467 282
710 545
517 323
210 100
91 24
737 614
25 13
284 102
451 229
376 200
418 239
366 194
582 376
537 338
795 702
776 686
366 196
61 47
706 543
166 37
771 663
740 573
313 143
24 54
523 362
634 454
765 634
444 264
524 322
179 92
401 202
501 336
278 136
467 272
123 93
64 57
470 291
290 151
170 72
56 58
382 186
580 373
199 107
150 34
41 60
349 183
184 89
352 170
596 425
172 76
490 303
266 119
87 51
654 477
57 45
500 312
622 451
10 58
200 114
782 663
538 348
242 115
458 233
203 92
45 46
152 53
312 185
738 557
165 71
47 78
294 102
670 496
792 684
161 68
576 409
789 664
778 669
69 53
59 52
377 250
536 332
93 85
22 43
146 85
672 553
140 61
265 130
318 124
534 379
343 210
474 243
156 82
299 164
314 176
408 232
656 485
69 58
164 56
607 431
701 564
710 556
756 631
642 466
704 545
117 72
776 632
339 137
128 25
121 63
442 226
150 61
238 132
584 376
769 639
505 288
168 61
106 62
29 86
280 131
148 47
21 39
531 339
393 209
668 480
49 31
270 122
328 166
251 99
449 282
364 161
603 431
553 345
574 437
386 207
375 207
401 210
305 130
729 579
518 339
679 506
514 313
122 94
93 71
250 107
268 97
581 379
601 428
362 172
592 435
655 470
769 663
502 315
39 61
86 65
613 477
250 67
717 549
660 483
159 67
703 572
198 110
648 471
743 583
136 81
301 172
519 321
380 196
86 59
553 396
225 100
527 349
667 474
489 307
52 51
454 250
764 646
272 129
658 489
61 35
450 256
759 643
400 245
276 109
404 211
425 251
743 611
194 66
522 358
467 303
195 53
147 65
39 9
422 271
526 311
264 124
135 67
132 86
37 29
183 99
461 272
325 143
131 21
295 101
482 285
770 679
793 723
56 51
185 105
220 91
648 461
781 683
0 51
378 184
380 193
103 42
293 185
388 181
643 469
546 357
17 49
107 55
510 296
332 187
60 28
693 506
283 95
692 565
265 113
556 370
516 292
449 230
742 654
471 270
329 135
417 242
703 581
369 156
348 201
475 281
60 55
29 45
235 102
606 449
614 424
72 76
244 111
164 64
9 59
518 320
565 362
624 425
678 539
540 361
549 380
652 507
3 54
704 544
358 134
656 456
663 523
698 530
220 132
71 7
4 75
747 599
585 407
657 478
113 41
561 398
559 361
298 125
455 261
297 142
496 260
556 334
296 165
303 147
279 155
615 421
88 76
534 346
726 604
638 490
166 77
451 280
480 296
433 250
270 127
119 58
212 75
535 353
435 263
253 109
678 460
312 131
174 43
70 48
97 92
218 73
664 516
529 345
753 637
760 621
346 167
412 231
46 43
696 541
257 104
395 235
482 296
477 273
243 108
573 429
623 422
792 692
388 182
426 208
544 353
67 63
87 56
341 169
253 109
687 529
416 236
481 301
163 36
609 432
206 77
550 369
507 340
431 238
589 399
736 613
719 544
561 377
586 416
576 374
532 329
259 104
411 227
349 202
50 55
600 410
62 35
129 45
651 480
673 509
185 113
104 57
68 52
163 60
252 121
20 49
615 404
216 83
235 126
225 62
444 238
388 189
599 432
766 620
96 68
635 440
30 37
784 620
406 242
134 46
40 20
215 96
43 21
634 440
153 75
324 153
78 13
638 492
280 131
726 560
156 24
443 240
129 83
170 66
526 344
770 686
599 421
786 683
489 302
467 293
633 476
302 166
629 451
237 83
441 265
735 558
506 295
90 69
137 67
136 108
637 461
215 128
60 43
667 495
100 79
663 487
469 239
399 267
82 87
84 72
388 212
696 515
75 50
553 371
105 36
564 390
370 154
410 224
705 560
30 87
685 539
308 151
106 34
532 344
219 91
334 159
340 150
644 491
570 407
101 67
612 485
420 217
594 421
280 112
797 678
418 209
624 415
23 36
194 65
572 373
349 174
393 210
149 62
194 64
56 60
736 627
224 76
794 710
724 579
532 357
487 320
459 277
191 69
248 95
351 169
376 213
430 216
701 541
367 205
522 326
798 689
65 78
328 164
463 259
623 507
252 126
260 150
147 61
112 60
141 57
190 95
201 76
567 363
428 221
641 462
348 135
286 128
170 93
711 575
36 52
258 107
117 73
482 288
739 617
325 169
776 660
334 187
765 636
363 196
63 45
576 410
158 43
590 399
479 307
103 53
73 35
538 322
344 155
205 107
316 173
248 122
270 145
416 238
184 73
797 717
49 34
283 132
226 96
348 174
281 151
661 494
402 185
275 123
714 603
393 254
776 628
570 397
705 567
470 309
333 174
506 285
339 175
240 75
614 435
665 498
655 532
219 104
645 492
355 189
339 161
590 391
777 661
570 389
390 227
692 521
169 62
570 359
275 121
124 82
560 372
739 590
623 463
720 554
284 128
29 39
685 526
272 104
591 382
366 187
119 90
622 419
253 164
87 63
788 658