161 468
533 213
245 487
267 468
263 468
243 450
194 453
182 461
182 527
397 271
547 136
700 80
160 412
312 431
438 271
196 436
490 190
219 424
307 400
332 409
175 468
393 297
401 258
204 442
351 352
109 418
538 156
431 267
462 189
195 451
383 341
126 418
96 382
633 40
318 505
398 324
256 470
301 431
319 455
582 95
381 351
522 200
487 147
576 94
678 43
100 390
779 128
168 438
39 339
706 52
67 327
87 433
178 496
674 98
212 539
2 323
634 51
41 346
488 212
82 372
197 499
319 446
649 96
571 67
606 91
766 78
604 67
766 104
221 465
539 113
697 125
55 304
407 321
185 478
638 50
273 459
25 301
704 22
597 78
316 479
783 105
630 24
225 466
21 276
732 140
502 162
350 335
25 311
83 359
667 1
370 377
555 113
651 63
240 430
245 482
465 224
576 119
35 277
187 517
406 297
192 460
339 371
797 73
759 191
574 101
378 317
638 64
27 289
444 266
692 44
325 389
583 72
10 243
213 434
586 86
200 493
187 402
187 477
32 358
423 268
284 457
516 153
259 376
679 74
320 384
170 428
495 147
317 418
186 475
172 418
15 276
236 445
601 101
306 440
298 424
10 284
266 433
65 364
363 339
255 474
739 82
442 258
244 485
39 318
29 290
598 85
285 449
214 472
705 56
591 58
756 136
333 388
79 376
324 352
86 381
375 396
566 95
795 146
611 99
308 463
152 443
332 439
509 165
64 311
31 297
20 299
681 69
145 434
278 444
751 121
207 458
644 0
532 135
552 101
779 151
489 177
158 389
733 70
494 187
127 471
285 449
494 195
80 390
685 107
99 459
416 285
158 388
92 382
309 417
768 108
431 221
548 78
741 84
196 429
80 416
341 436
452 288
352 403
338 426
624 111
748 50
293 501
298 425
607 54
65 352
651 66
632 54
178 462
418 245
255 449
434 304
555 105
38 324
766 99
773 104
100 385
292 484
290 436
602 103
676 48
219 460
722 41
29 312
373 394
475 194
523 184
510 162
390 369
453 231
634 93
670 34
578 73
179 448
64 377
520 156
561 97
416 300
681 17
742 93
63 364
300 479
141 430
94 379
481 222
583 105
432 327
590 73
784 195
221 465
561 136
465 225
785 128
260 427
763 61
36 324
49 336
94 436
264 462
552 97
402 327
734 139
177 441
95 352
414 302
457 200
439 275
512 134
208 425
403 303
62 357
181 465
549 107
316 360
470 233
328 426
160 473
223 513
605 108
371 408
507 107
199 400
522 109
376 307
369 381
328 453
606 58
79 372
709 99
622 63
303 417
296 398
347 398
614 87
624 19
371 335
551 130
744 94
333 396
602 91
18 274
681 71
96 378
109 412
261 472
706 77
409 333
473 146
778 156
430 294
375 357
348 373
174 483
546 210
741 106
218 496
18 274
494 132
25 309
711 63
234 469
40 317
174 411
89 385
481 215
150 425
666 78
345 404
586 28
152 428
159 395
199 478
10 291
356 360
442 227
338 437
534 103
225 451
712 106
653 48
592 139
608 58
352 378
472 179
51 356
240 442
276 416
114 373
569 92
89 381
727 113
699 46
778 95
432 285
511 150
794 178
434 269
370 389
16 302
46 310
576 152
411 301
440 254
6 266
487 242
742 94
522 183
547 129
394 378
20 256
55 348
608 119
33 326
507 176
729 96
574 148
648 15
775 131
342 409
635 89
644 101
6 177
386 369
14 286
590 57
234 519
35 321
494 208
481 230
766 71
275 402
531 167
17 310
241 478
258 446
655 79
437 270
318 438
207 460
474 248
6 254
689 29
451 254
381 305
251 442
39 334
619 45
29 332
391 312
383 330
406 290
416 259
240 435
367 351
356 335
540 198
249 531
151 414
138 429
5 251
772 90
99 336
251 493
188 466
278 441
183 461
655 19
308 384
627 57
298 458
335 372
567 98
792 133
546 78
686 74
383 368
38 324
453 226
186 449
625 100
115 390
444 248
322 394
402 238
702 60
689 79
418 274
591 90
498 201
478 222
507 133
293 397
482 249
304 380
143 444
258 438
191 404
800 184
602 46
582 115
147 481
700 54
580 108
319 429
261 408
284 399
138 430
598 145
617 50
383 325
664 34
453 265
742 33
313 408
292 426
84 373
96 325
206 475
254 443
350 435
192 482
685 94
241 462
169 454
706 99
352 380
465 294
748 119
134 439
739 117
137 411
750 90
192 517
396 341
680 54
253 452
43 334
492 182
459 209
145 404
138 430
701 71
520 147
415 349
551 76
525 148
574 106
627 76
531 138
72 399
302 442
539 163
185 473
113 432
683 104
583 98
263 457
64 363
596 91
570 89
351 351
167 438
708 46
753 59
198 496
482 222
509 124
40 328
469 214
473 224
306 468
720 48
546 98
674 40
697 115
409 339
73 340
611 69
455 240
414 304
763 139
590 77
332 369
737 102
496 212
444 235
56 346
661 65
53 278
344 372
671 46
273 472
152 438
682 87
51 331
284 375
433 251
167 419
795 141
229 487
700 90
296 383
312 397
177 481
211 428
687 107
15 296
574 66
141 423
295 464
672 48
671 48
795 129
525 103
238 469
31 327
449 274
545 165
676 42
773 137
750 90
490 192
734 64
596 92
359 400
81 385
306 444
130 453
282 434
525 173
324 396
623 73
86 378
761 99
166 482
780 109
404 300
406 311
683 91
34 282
218 456